0  1
0  2
0  3
0  6
0  4
1  0
1  4
1  9
1  22
1  2
2  0
2  1
2  9
2  22
2  11
3  0
3  4
3  5
3  7
3  8
4  3
4  6
4  7
4  8
4  0
4  1
5  3
5  6
5  7
5  8
6  0
6  4
6  5
6  7
6  8
7  3
7  6
7  8
7  4
7  5
8  7
8  3
8  6
8  4
8  5
9  10
9  11
9  1
9  2
10  9
10  19
10  20
10  11
11  9
11  2
11  10
11  20
12  13
12  14
12  15
13  12
13  14
13  15
14  12
14  13
14  15
14  16
14  18
15  12
15  14
15  13
15  18
16  17
16  14
16  18
16  19
16  21
17  16
17  18
18  16
18  23
18  21
18  17
18  14
18  15
19  10
19  16
19  21
19  20
20  10
20  19
20  21
20  11
21  19
21  16
21  18
21  20
22  1
22  2
23  18
24  25
24  26
24  27
25  24
25  28
25  62
25  26
25  27
25  137
25  138
25  139
25  140
25  141
25  142
25  143
25  200
25  201
26  24
26  28
26  25
26  27
26  30
26  29
26  35
26  117
26  118
26  119
26  120
26  121
26  122
26  123
26  124
26  396
26  397
27  24
27  28
27  38
27  35
27  41
27  77
27  107
27  26
27  25
27  30
27  29
27  60
27  71
27  85
27  131
27  37
27  384
27  385
27  386
27  387
27  388
27  389
27  390
27  391
28  26
28  27
28  29
28  30
28  31
28  32
28  33
28  25
28  34
28  35
28  62
29  28
29  26
29  27
29  144
29  148
29  155
29  156
29  157
29  158
29  159
29  160
29  161
29  162
29  163
29  164
29  165
29  166
29  167
29  168
29  169
29  170
29  171
29  172
29  173
29  174
29  175
29  176
29  177
29  178
29  179
29  180
29  181
29  182
29  183
29  49
30  28
30  26
30  27
30  32
30  33
30  112
30  108
30  34
30  41
30  119
30  149
30  150
30  151
30  152
30  153
30  154
31  28
31  32
31  34
31  59
31  52
31  60
31  61
32  28
32  38
32  35
32  34
32  33
32  54
32  55
32  56
32  57
32  58
32  31
32  62
32  65
32  77
32  78
32  125
32  63
32  37
32  30
32  445
32  446
32  447
32  448
32  55
32  90
32  449
32  450
32  451
32  452
32  453
33  28
33  32
33  76
33  52
33  114
33  30
34  28
34  32
34  48
34  49
34  50
34  51
34  52
34  53
34  31
34  62
34  65
34  77
34  78
34  54
34  101
34  107
34  125
34  102
34  30
34  335
34  336
34  337
34  338
34  339
34  340
34  341
34  342
34  343
34  344
34  345
34  346
34  347
34  348
34  349
34  350
34  351
34  352
34  353
34  354
34  355
34  356
34  357
34  358
35  28
35  32
35  27
35  107
35  114
35  26
36  37
36  107
37  36
37  54
37  32
37  27
37  132
37  133
37  134
37  135
37  136
37  208
37  209
37  210
37  211
37  212
38  32
38  27
38  107
39  40
40  39
40  78
41  27
41  42
41  43
41  44
41  45
41  46
41  47
41  30
41  202
41  203
41  204
41  205
41  206
41  207
42  41
42  63
42  144
43  41
43  125
44  41
45  41
46  41
47  41
47  109
48  34
49  34
49  29
50  34
51  34
52  34
52  31
52  33
52  78
52  54
52  107
52  112
53  34
54  32
54  34
54  52
54  60
54  37
54  274
54  275
54  276
55  32
55  78
55  32
55  451
55  90
56  32
57  32
58  32
59  31
60  31
60  54
60  112
60  114
60  27
61  31
62  25
62  32
62  28
62  63
62  34
62  64
62  375
62  376
62  377
62  378
62  379
62  380
62  381
62  382
62  383
63  62
63  32
63  42
63  277
63  278
63  279
64  62
65  32
65  34
65  66
65  67
65  68
65  69
65  70
65  71
65  72
65  73
65  74
65  75
65  78
65  101
65  125
65  303
65  304
65  305
65  306
65  307
65  308
65  309
65  310
65  311
65  312
65  313
65  314
65  315
65  316
65  317
65  318
65  319
65  320
65  321
65  322
65  323
65  324
65  325
65  326
65  327
65  328
65  329
65  330
65  331
65  332
65  333
65  334
66  65
67  65
68  65
69  65
70  65
71  65
71  27
72  65
73  65
74  65
75  65
76  33
77  32
77  27
77  78
77  34
77  79
77  80
77  81
77  82
77  83
77  84
77  85
77  86
77  87
77  88
77  89
77  214
77  215
77  216
77  217
77  218
77  219
77  220
77  221
77  222
77  223
77  224
77  225
77  226
77  227
77  228
77  229
77  230
77  231
77  232
77  233
78  77
78  32
78  34
78  65
78  40
78  55
78  90
78  91
78  52
78  92
78  93
78  94
78  234
78  235
78  236
78  237
78  238
78  239
78  240
78  241
78  242
78  243
78  244
78  245
78  246
78  247
78  248
78  249
78  250
78  251
78  252
78  253
78  254
78  255
78  256
78  257
78  258
78  259
78  260
78  261
78  262
78  263
78  264
78  265
78  266
78  267
78  268
78  269
78  270
78  271
78  272
78  273
79  77
79  101
80  77
80  101
81  77
82  77
83  77
84  77
85  77
85  27
86  77
87  77
88  77
89  77
90  78
90  32
90  451
90  55
91  78
92  78
93  78
93  125
94  78
95  96
95  97
95  98
95  99
95  100
96  95
97  95
98  95
99  95
100  95
101  34
101  65
101  102
101  79
101  103
101  104
101  105
101  106
101  80
101  359
101  360
101  361
101  362
101  363
101  364
101  365
101  366
101  367
101  368
101  369
101  370
101  371
101  372
101  373
101  374
102  101
102  107
102  34
102  129
102  299
102  300
102  301
102  302
103  101
104  101
104  107
105  101
106  101
107  27
107  36
107  108
107  34
107  102
107  109
107  38
107  35
107  110
107  52
107  104
107  111
107  280
107  281
107  282
107  283
107  284
107  285
107  286
108  107
108  30
108  213
109  107
109  130
109  47
109  287
109  288
109  289
109  290
109  291
109  292
109  293
109  294
110  107
111  107
112  60
112  52
112  113
112  30
112  392
113  112
114  33
114  35
114  60
114  115
114  116
114  393
114  394
114  395
115  114
116  114
117  26
118  26
118  398
119  26
119  30
120  26
121  26
122  26
123  26
124  26
125  32
125  34
125  65
125  43
125  93
125  126
125  127
125  128
125  295
126  125
127  125
128  125
129  102
130  109
131  27
132  37
133  37
134  37
135  37
136  37
137  25
138  25
139  25
140  25
141  25
142  25
143  25
144  145
144  146
144  147
144  42
144  29
144  185
144  186
144  187
144  188
144  189
144  190
144  191
144  192
144  193
144  194
144  195
144  196
144  197
144  198
144  199
145  144
146  144
147  144
148  29
149  30
150  30
151  30
152  30
153  30
154  30
155  29
155  157
155  158
155  181
155  167
155  172
155  165
156  29
156  174
156  164
156  179
157  29
157  158
157  181
157  155
157  167
157  172
157  165
158  29
158  157
158  181
158  155
158  167
158  172
158  165
159  29
160  29
161  29
162  29
163  29
164  29
164  174
164  156
164  179
165  29
165  157
165  158
165  181
165  155
165  167
165  172
166  29
167  29
167  157
167  158
167  181
167  155
167  172
167  165
168  29
168  184
168  170
169  29
170  29
170  184
170  168
171  29
171  177
172  29
172  157
172  158
172  181
172  155
172  167
172  165
173  29
174  29
174  164
174  156
174  179
175  29
176  29
177  29
177  171
178  29
179  29
179  174
179  164
179  156
180  29
181  29
181  157
181  158
181  155
181  167
181  172
181  165
182  29
183  29
184  170
184  168
185  144
185  191
185  190
185  199
185  197
185  194
185  198
185  195
185  186
186  144
186  191
186  190
186  185
186  199
186  197
186  194
186  198
186  195
187  144
187  188
187  196
187  189
188  144
188  187
188  196
188  189
189  144
189  188
189  187
189  196
190  144
190  191
190  185
190  199
190  197
190  194
190  198
190  195
190  186
191  144
191  190
191  185
191  199
191  197
191  194
191  198
191  195
191  186
192  144
193  144
194  144
194  191
194  190
194  185
194  199
194  197
194  198
194  195
194  186
195  144
195  191
195  190
195  185
195  199
195  197
195  194
195  198
195  186
196  144
196  188
196  187
196  189
197  144
197  191
197  190
197  185
197  199
197  194
197  198
197  195
197  186
198  144
198  191
198  190
198  185
198  199
198  197
198  194
198  195
198  186
199  144
199  191
199  190
199  185
199  197
199  194
199  198
199  195
199  186
200  25
200  201
201  25
201  200
202  41
202  205
202  203
202  204
203  41
203  202
203  205
203  204
204  41
204  202
204  205
204  203
205  41
205  202
205  203
205  204
206  41
207  41
208  37
208  211
209  37
210  37
211  37
211  208
212  37
213  108
214  77
215  77
216  77
217  77
218  77
218  232
219  77
220  77
220  224
221  77
222  77
222  233
223  77
224  77
224  220
225  77
226  77
227  77
228  77
229  77
230  77
231  77
232  77
232  218
233  77
233  222
234  78
234  271
235  78
236  78
237  78
237  255
237  254
237  238
237  251
237  270
237  253
237  260
237  243
237  265
237  273
237  259
238  78
238  255
238  254
238  251
238  270
238  253
238  260
238  243
238  265
238  237
238  273
238  259
239  78
239  240
239  241
239  266
240  78
240  239
240  241
240  266
241  78
241  240
241  239
241  266
242  78
243  78
243  255
243  254
243  238
243  251
243  270
243  253
243  260
243  265
243  237
243  273
243  259
244  78
244  245
244  246
245  78
245  244
245  246
246  78
246  244
246  245
247  78
247  248
247  249
247  267
247  257
247  263
248  78
248  247
248  249
248  267
248  257
248  263
249  78
249  248
249  247
249  267
249  257
249  263
250  78
251  78
251  255
251  254
251  238
251  270
251  253
251  260
251  243
251  265
251  237
251  273
251  259
252  78
253  78
253  255
253  254
253  238
253  251
253  270
253  260
253  243
253  265
253  237
253  273
253  259
254  78
254  255
254  238
254  251
254  270
254  253
254  260
254  243
254  265
254  237
254  273
254  259
255  78
255  254
255  238
255  251
255  270
255  253
255  260
255  243
255  265
255  237
255  273
255  259
256  78
257  78
257  248
257  247
257  249
257  267
257  263
258  78
259  78
259  255
259  254
259  238
259  251
259  270
259  253
259  260
259  243
259  265
259  237
259  273
260  78
260  255
260  254
260  238
260  251
260  270
260  253
260  243
260  265
260  237
260  273
260  259
261  78
262  78
263  78
263  248
263  247
263  249
263  267
263  257
264  78
265  78
265  255
265  254
265  238
265  251
265  270
265  253
265  260
265  243
265  237
265  273
265  259
266  78
266  240
266  239
266  241
267  78
267  248
267  247
267  249
267  257
267  263
268  78
269  78
270  78
270  255
270  254
270  238
270  251
270  253
270  260
270  243
270  265
270  237
270  273
270  259
271  78
271  234
272  78
273  78
273  255
273  254
273  238
273  251
273  270
273  253
273  260
273  243
273  265
273  237
273  259
274  54
275  54
276  54
277  63
278  63
279  63
280  107
281  107
281  286
282  107
283  107
284  107
284  285
285  107
285  284
286  107
286  281
287  109
288  109
288  291
288  294
288  293
289  109
290  109
291  109
291  288
291  294
291  293
292  109
293  109
293  288
293  291
293  294
294  109
294  288
294  291
294  293
295  125
296  297
296  298
297  296
298  296
299  102
299  302
299  300
300  102
300  302
300  299
301  102
302  102
302  299
302  300
303  65
304  65
304  306
304  325
305  65
306  65
306  304
306  325
307  65
307  334
307  314
307  311
307  310
307  313
307  309
307  312
307  316
307  319
308  65
309  65
309  334
309  314
309  311
309  310
309  313
309  312
309  316
309  319
309  307
310  65
310  334
310  314
310  311
310  313
310  309
310  312
310  316
310  319
310  307
311  65
311  334
311  314
311  310
311  313
311  309
311  312
311  316
311  319
311  307
312  65
312  334
312  314
312  311
312  310
312  313
312  309
312  316
312  319
312  307
313  65
313  334
313  314
313  311
313  310
313  309
313  312
313  316
313  319
313  307
314  65
314  334
314  311
314  310
314  313
314  309
314  312
314  316
314  319
314  307
315  65
315  318
315  317
316  65
316  334
316  314
316  311
316  310
316  313
316  309
316  312
316  319
316  307
317  65
317  318
317  315
318  65
318  317
318  315
319  65
319  334
319  314
319  311
319  310
319  313
319  309
319  312
319  316
319  307
320  65
321  65
322  65
323  65
324  65
325  65
325  304
325  306
326  65
327  65
328  65
329  65
330  65
331  65
332  65
333  65
334  65
334  314
334  311
334  310
334  313
334  309
334  312
334  316
334  319
334  307
335  34
336  34
336  340
336  339
337  34
338  34
339  34
339  336
339  340
340  34
340  336
340  339
341  34
341  356
341  355
341  358
342  34
343  34
343  344
344  34
344  343
345  34
345  353
345  348
346  34
346  352
346  351
346  357
347  34
348  34
348  353
348  345
349  34
350  34
351  34
351  346
351  352
351  357
352  34
352  346
352  351
352  357
353  34
353  345
353  348
354  34
355  34
355  356
355  341
355  358
356  34
356  341
356  355
356  358
357  34
357  346
357  352
357  351
358  34
358  356
358  341
358  355
359  101
360  101
360  361
360  374
361  101
361  360
361  374
362  101
362  363
362  372
362  371
362  366
363  101
363  362
363  372
363  371
363  366
364  101
364  370
365  101
366  101
366  363
366  362
366  372
366  371
367  101
368  101
369  101
370  101
370  364
371  101
371  363
371  362
371  372
371  366
372  101
372  363
372  362
372  371
372  366
373  101
374  101
374  360
374  361
375  62
376  62
376  379
376  382
376  383
376  381
377  62
378  62
379  62
379  382
379  383
379  381
379  376
380  62
381  62
381  379
381  382
381  383
381  376
382  62
382  379
382  383
382  381
382  376
383  62
383  379
383  382
383  381
383  376
384  27
385  27
386  27
387  27
387  389
388  27
389  27
389  387
390  27
391  27
392  112
393  114
393  394
394  114
394  393
395  114
396  26
397  26
398  399
398  400
398  401
398  402
398  403
398  404
398  405
398  406
398  407
398  408
398  409
398  410
398  411
398  412
398  413
398  414
398  415
398  416
398  417
398  418
398  419
398  420
398  421
398  422
398  423
398  424
398  425
398  426
398  427
398  428
398  429
398  430
398  431
398  432
398  433
398  434
398  435
398  118
398  436
398  437
398  438
398  439
398  440
398  441
398  442
398  443
398  444
399  398
399  403
399  443
399  408
399  405
400  398
400  433
400  424
400  413
400  438
400  417
400  434
400  441
400  426
400  419
400  428
401  398
402  398
403  398
403  443
403  408
403  399
403  405
404  398
405  398
405  403
405  443
405  408
405  399
406  398
407  398
408  398
408  403
408  443
408  399
408  405
409  398
410  398
411  398
412  398
413  398
413  433
413  424
413  438
413  417
413  434
413  441
413  426
413  400
413  419
413  428
414  398
415  398
415  416
415  435
416  398
416  415
416  435
417  398
417  433
417  424
417  413
417  438
417  434
417  441
417  426
417  400
417  419
417  428
418  398
419  398
419  433
419  424
419  413
419  438
419  417
419  434
419  441
419  426
419  400
419  428
420  398
420  427
420  439
421  398
422  398
423  398
424  398
424  433
424  413
424  438
424  417
424  434
424  441
424  426
424  400
424  419
424  428
425  398
426  398
426  433
426  424
426  413
426  438
426  417
426  434
426  441
426  400
426  419
426  428
427  398
427  420
427  439
428  398
428  433
428  424
428  413
428  438
428  417
428  434
428  441
428  426
428  400
428  419
429  398
430  398
431  398
432  398
433  398
433  424
433  413
433  438
433  417
433  434
433  441
433  426
433  400
433  419
433  428
434  398
434  433
434  424
434  413
434  438
434  417
434  441
434  426
434  400
434  419
434  428
435  398
435  416
435  415
436  398
437  398
438  398
438  433
438  424
438  413
438  417
438  434
438  441
438  426
438  400
438  419
438  428
439  398
439  427
439  420
440  398
441  398
441  433
441  424
441  413
441  438
441  417
441  434
441  426
441  400
441  419
441  428
442  398
443  398
443  403
443  408
443  399
443  405
444  398
445  32
446  32
447  32
448  32
449  32
450  32
451  32
451  90
451  55
452  32
453  32
454  455
454  456
454  457
454  458
454  459
454  460
454  461
454  462
454  463
454  464
454  465
454  466
454  467
454  468
454  469
454  470
454  471
454  472
454  473
454  474
454  475
454  476
454  477
454  478
454  479
454  480
455  454
456  454
456  480
457  454
458  454
459  454
460  454
461  454
462  454
463  454
464  454
465  454
466  454
467  454
468  454
469  454
470  454
470  477
470  479
470  474
471  454
472  454
473  454
474  454
474  477
474  479
474  470
475  454
476  454
477  454
477  479
477  470
477  474
478  454
479  454
479  477
479  470
479  474
480  454
480  456
481  482
482  481
483  484
484  483
485  486
486  485
487  488
488  487
489  490
490  489
